0.270778 0.054609
0.291112 0.809278
0.17652 1.46791
0.379366 2.7931
0.510176 3.13679
0.483033 4.10473
0.538129 4.45039
0.13959 5.29796
0.455769 6.14883
0.571059 6.32712
1.17216 0.34511
1.18783 1.09115
1.35433 1.73527
1.05029 2.58134
1.09366 2.89953
0.706259 4.16444
0.854137 4.49737
0.773721 5.23066
1.06529 6.05309
1.02375 6.47546
1.48988 0.106786
1.48019 1.32801
1.75718 1.61978
1.72597 2.21295
1.46861 2.99703
1.54007 4.04077
1.94214 4.8279
1.63192 5.39647
1.66317 6.18221
1.67781 6.95683
2.78174 0.284068
2.72128 0.835878
2.68144 2.095
2.56653 2.34673
2.54808 2.89029
2.52219 4.03796
2.29707 4.70238
2.56597 5.45425
2.12216 5.69194
2.7672 6.39077
3.08897 0.107269
3.43154 0.831107
2.83517 1.56346
3.42758 2.39834
2.84567 3.00538
3.05517 3.52741
3.28945 4.37645
2.96329 5.27089
2.97144 6.22983
3.41762 6.91953
3.52011 0.339804
3.95749 0.917188
3.64218 1.62347
3.57144 2.26434
3.81541 2.83864
3.75511 4.10438
3.64591 4.38665
3.53549 5.08108
3.85011 6.26306
3.97941 6.69579
4.36844 0.0345819
4.6232 1.3579
4.41103 1.98649
4.52879 2.48247
4.71632 3.04641
4.502 4.03644
4.78621 4.25949
4.25362 4.92839
4.48295 5.72506
4.39273 6.89836
5.0637 0.447849
5.40274 1.00961
5.5345 1.93822
5.39069 2.38462
5.40128 3.0701
5.58041 4.16973
5.20468 4.60361
5.52763 5.41571
5.1901 5.85642
5.09818 6.40642
6.10282 0.500175
6.24286 1.08903
6.15966 2.09648
6.01743 2.24261
5.72155 3.41016
5.64098 3.78525
5.95801 4.74371
6.19486 5.19251
5.98194 5.98555
6.17713 6.48322
6.95565 0.557538
6.45295 0.960329
6.56115 1.48057
6.37604 2.65125
6.63699 3.07422
6.95767 3.63981
6.37439 4.80053
6.82884 5.53405
6.89702 5.84627
6.37667 6.31857
