0.149667 0.198936
0.0652134 0.700116
0.591673 1.52531
0.114194 2.55013
0.458075 2.9901
0.0791165 4.05704
0.503427 4.6277
0.0435065 4.99299
0.0572057 5.87655
0.179078 6.58969
1.13611 0.473425
1.30446 0.782236
0.869148 1.76433
0.722071 2.73262
0.9644 3.0664
1.03588 3.91407
1.16533 4.6011
1.11418 5.25701
1.2264 6.12838
0.807134 6.58448
1.41848 0.18625
1.54152 1.2219
2.01395 1.58503
2.01489 2.77115
1.86158 2.89397
1.66084 3.69769
1.96739 4.3653
1.67993 4.93654
1.92963 5.902
2.06916 6.39403
2.6684 0.305042
2.6081 1.03373
2.10614 1.62228
2.79074 2.63255
2.15066 2.89787
2.21703 3.56913
2.38412 4.45855
2.69104 5.09807
2.54358 6.10592
2.26922 6.50516
3.39989 0.430065
3.20285 1.16728
3.39537 2.08278
3.30382 2.525
3.08477 3.27298
3.31903 3.65317
2.87802 4.52713
3.2869 4.98416
3.34941 6.07764
3.41671 6.90007
4.07552 0.0337349
4.1692 0.85964
3.79228 1.96024
3.85771 2.13586
3.86616 3.32693
3.74102 3.76605
3.757 4.84387
3.53334 5.05237
4.12664 6.13716
4.07736 6.51142
4.51014 0.396395
4.56459 1.08817
4.22352 1.55149
4.67233 2.67294
4.82913 3.18904
4.673 4.00465
4.62277 4.64221
4.86429 4.91506
4.50244 5.922
4.25092 6.96861
5.04894 0.291938
5.13466 1.10594
5.1358 1.668
5.4583 2.26245
5.00516 3.23566
5.27386 3.9153
5.03206 4.23845
5.00347 5.05558
5.08994 6.1758
4.92852 6.41907
5.86484 0.501525
6.22373 1.38761
5.84373 1.98802
5.60267 2.64618
5.81002 2.85359
6.11478 3.85896
5.94553 4.24944
5.66489 5.48133
5.91744 6.22319
5.64378 6.72259
6.65886 0.41764
6.4379 1.19092
6.75609 1.64136
6.9465 2.74603
6.41716 3.47502
6.3651 3.882
6.77655 4.88883
6.66961 4.92028
6.87685 5.97228
6.86645 6.38687
0.537268 0.850254
4.1996 4.16154

0.149667 0.198936
0.0652134 0.700116
0.591673 1.52531
1.13611 0.473425
1.30446 0.782236
0.869148 1.76433
3.86616 3.32693
3.74102 3.76605
3.757 4.84387
4.62277 4.64221
5.03206 4.23845
